0121122458693995382745
0121122458693995382754
0121122458693995387245
0121122458693995387254
0121122458693995832745
0121122458693995832754
0121122458693995837245
0121122458693995837254
01211224586939131382745
01211224586939131382754
01211224586939131387245
01211224586939131387254
01211224586939131832745
01211224586939131832754
01211224586939131837245
01211224586939131837254
01211224586939113382745
01211224586939113382754
01211224586939113387245
01211224586939113387254
01211224586939113832745
01211224586939113832754
01211224586939113837245
01211224586939113837254
0121122458693959382745
0121122458693959382754
0121122458693959387245
0121122458693959387254
0121122458693959832745
0121122458693959832754
0121122458693959837245
0121122458693959837254
0121122458699395382745
0121122458699395382754
0121122458699395387245
0121122458699395387254
0121122458699395832745
0121122458699395832754
0121122458699395837245
0121122458699395837254
01211224586993131382745
01211224586993131382754
01211224586993131387245
01211224586993131387254
01211224586993131832745
01211224586993131832754
01211224586993131837245
01211224586993131837254
01211224586993113382745
01211224586993113382754
01211224586993113387245
01211224586993113387254
01211224586993113832745
01211224586993113832754
01211224586993113837245
01211224586993113837254
0121122458699359382745
0121122458699359382754
0121122458699359387245
0121122458699359387254
0121122458699359832745
0121122458699359832754
0121122458699359837245
0121122458699359837254
0121122458963995382745
0121122458963995382754
0121122458963995387245
0121122458963995387254
0121122458963995832745
0121122458963995832754
0121122458963995837245
0121122458963995837254
01211224589639131382745
01211224589639131382754
01211224589639131387245
01211224589639131387254
01211224589639131832745
01211224589639131832754
01211224589639131837245
01211224589639131837254
01211224589639113382745
01211224589639113382754
01211224589639113387245
01211224589639113387254
01211224589639113832745
01211224589639113832754
01211224589639113837245
01211224589639113837254
0121122458963959382745
0121122458963959382754
0121122458963959387245
0121122458963959387254
0121122458963959832745
0121122458963959832754
0121122458963959837245
0121122458963959837254
0121122458969395382745
0121122458969395382754
0121122458969395387245
0121122458969395387254
0121122458969395832745
0121122458969395832754
0121122458969395837245
0121122458969395837254
01211224589693131382745
01211224589693131382754
01211224589693131387245
01211224589693131387254
01211224589693131832745
01211224589693131832754
01211224589693131837245
01211224589693131837254
01211224589693113382745
01211224589693113382754
01211224589693113387245
01211224589693113387254
01211224589693113832745
01211224589693113832754
01211224589693113837245
01211224589693113837254
0121122458969359382745
0121122458969359382754
0121122458969359387245
0121122458969359387254
0121122458969359832745
0121122458969359832754
0121122458969359837245
0121122458969359837254
0121122485693995382745
0121122485693995382754
0121122485693995387245
0121122485693995387254
0121122485693995832745
0121122485693995832754
0121122485693995837245
0121122485693995837254
01211224856939131382745
01211224856939131382754
01211224856939131387245
01211224856939131387254
01211224856939131832745
01211224856939131832754
01211224856939131837245
01211224856939131837254
01211224856939113382745
01211224856939113382754
01211224856939113387245
01211224856939113387254
01211224856939113832745
01211224856939113832754
01211224856939113837245
01211224856939113837254
0121122485693959382745
0121122485693959382754
0121122485693959387245
0121122485693959387254
0121122485693959832745
0121122485693959832754
0121122485693959837245
0121122485693959837254
0121122485699395382745
0121122485699395382754
0121122485699395387245
0121122485699395387254
0121122485699395832745
0121122485699395832754
0121122485699395837245
0121122485699395837254
01211224856993131382745
01211224856993131382754
01211224856993131387245
01211224856993131387254
01211224856993131832745
01211224856993131832754
01211224856993131837245
01211224856993131837254
01211224856993113382745
01211224856993113382754
01211224856993113387245
01211224856993113387254
01211224856993113832745
01211224856993113832754
01211224856993113837245
01211224856993113837254
0121122485699359382745
0121122485699359382754
0121122485699359387245
0121122485699359387254
0121122485699359832745
0121122485699359832754
0121122485699359837245
0121122485699359837254
0121122485963995382745
0121122485963995382754
0121122485963995387245
0121122485963995387254
0121122485963995832745
0121122485963995832754
0121122485963995837245
0121122485963995837254
01211224859639131382745
01211224859639131382754
01211224859639131387245
01211224859639131387254
01211224859639131832745
01211224859639131832754
01211224859639131837245
01211224859639131837254
01211224859639113382745
01211224859639113382754
01211224859639113387245
01211224859639113387254
01211224859639113832745
01211224859639113832754
01211224859639113837245
01211224859639113837254
0121122485963959382745
0121122485963959382754
0121122485963959387245
0121122485963959387254
0121122485963959832745
0121122485963959832754
0121122485963959837245
0121122485963959837254
0121122485969395382745
0121122485969395382754
0121122485969395387245
0121122485969395387254
0121122485969395832745
0121122485969395832754
0121122485969395837245
0121122485969395837254
01211224859693131382745
01211224859693131382754
01211224859693131387245
01211224859693131387254
01211224859693131832745
01211224859693131832754
01211224859693131837245
01211224859693131837254
01211224859693113382745
01211224859693113382754
01211224859693113387245
01211224859693113387254
01211224859693113832745
01211224859693113832754
01211224859693113837245
01211224859693113837254
0121122485969359382745
0121122485969359382754
0121122485969359387245
0121122485969359387254
0121122485969359832745
0121122485969359832754
0121122485969359837245
0121122485969359837254
01219158693995382745
01219158693995382754
01219158693995387245
01219158693995387254
01219158693995832745
01219158693995832754
01219158693995837245
01219158693995837254
012191586939131382745
012191586939131382754
012191586939131387245
012191586939131387254
012191586939131832745
012191586939131832754
012191586939131837245
012191586939131837254
012191586939113382745
012191586939113382754
012191586939113387245
012191586939113387254
012191586939113832745
012191586939113832754
012191586939113837245
012191586939113837254
01219158693959382745
01219158693959382754
01219158693959387245
01219158693959387254
01219158693959832745
01219158693959832754
01219158693959837245
01219158693959837254
01219158699395382745
01219158699395382754
01219158699395387245
01219158699395387254
01219158699395832745
01219158699395832754
01219158699395837245
01219158699395837254
012191586993131382745
012191586993131382754
012191586993131387245
012191586993131387254
012191586993131832745
012191586993131832754
012191586993131837245
012191586993131837254
012191586993113382745
012191586993113382754
012191586993113387245
012191586993113387254
012191586993113832745
012191586993113832754
012191586993113837245
012191586993113837254
01219158699359382745
01219158699359382754
01219158699359387245
01219158699359387254
01219158699359832745
01219158699359832754
01219158699359837245
01219158699359837254
01219158963995382745
01219158963995382754
01219158963995387245
01219158963995387254
01219158963995832745
01219158963995832754
01219158963995837245
01219158963995837254
012191589639131382745
012191589639131382754
012191589639131387245
012191589639131387254
012191589639131832745
012191589639131832754
012191589639131837245
012191589639131837254
012191589639113382745
012191589639113382754
012191589639113387245
012191589639113387254
012191589639113832745
012191589639113832754
012191589639113837245
012191589639113837254
01219158963959382745
01219158963959382754
01219158963959387245
01219158963959387254
01219158963959832745
01219158963959832754
01219158963959837245
01219158963959837254
01219158969395382745
01219158969395382754
01219158969395387245
01219158969395387254
01219158969395832745
01219158969395832754
01219158969395837245
01219158969395837254
012191589693131382745
012191589693131382754
012191589693131387245
012191589693131387254
012191589693131832745
012191589693131832754
012191589693131837245
012191589693131837254
012191589693113382745
012191589693113382754
012191589693113387245
012191589693113387254
012191589693113832745
012191589693113832754
012191589693113837245
012191589693113837254
01219158969359382745
01219158969359382754
01219158969359387245
01219158969359387254
01219158969359832745
01219158969359832754
01219158969359837245
01219158969359837254
01219185693995382745
01219185693995382754
01219185693995387245
01219185693995387254
01219185693995832745
01219185693995832754
01219185693995837245
01219185693995837254
012191856939131382745
012191856939131382754
012191856939131387245
012191856939131387254
012191856939131832745
012191856939131832754
012191856939131837245
012191856939131837254
012191856939113382745
012191856939113382754
012191856939113387245
012191856939113387254
012191856939113832745
012191856939113832754
012191856939113837245
012191856939113837254
01219185693959382745
01219185693959382754
01219185693959387245
01219185693959387254
01219185693959832745
01219185693959832754
01219185693959837245
01219185693959837254
01219185699395382745
01219185699395382754
01219185699395387245
01219185699395387254
01219185699395832745
01219185699395832754
01219185699395837245
01219185699395837254
012191856993131382745
012191856993131382754
012191856993131387245
012191856993131387254
012191856993131832745
012191856993131832754
012191856993131837245
012191856993131837254
012191856993113382745
012191856993113382754
012191856993113387245
012191856993113387254
012191856993113832745
012191856993113832754
012191856993113837245
012191856993113837254
01219185699359382745
01219185699359382754
01219185699359387245
01219185699359387254
01219185699359832745
01219185699359832754
01219185699359837245
01219185699359837254
01219185963995382745
01219185963995382754
01219185963995387245
01219185963995387254
01219185963995832745
01219185963995832754
01219185963995837245
01219185963995837254
012191859639131382745
012191859639131382754
012191859639131387245
012191859639131387254
012191859639131832745
012191859639131832754
012191859639131837245
012191859639131837254
012191859639113382745
012191859639113382754
012191859639113387245
012191859639113387254
012191859639113832745
012191859639113832754
012191859639113837245
012191859639113837254
01219185963959382745
01219185963959382754
01219185963959387245
01219185963959387254
01219185963959832745
01219185963959832754
01219185963959837245
01219185963959837254
01219185969395382745
01219185969395382754
01219185969395387245
01219185969395387254
01219185969395832745
01219185969395832754
01219185969395837245
01219185969395837254
012191859693131382745
012191859693131382754
012191859693131387245
012191859693131387254
012191859693131832745
012191859693131832754
012191859693131837245
012191859693131837254
012191859693113382745
012191859693113382754
012191859693113387245
012191859693113387254
012191859693113832745
012191859693113832754
012191859693113837245
012191859693113837254
01219185969359382745
01219185969359382754
01219185969359387245
01219185969359387254
01219185969359832745
01219185969359832754
01219185969359837245
01219185969359837254
01211958693995382745
01211958693995382754
01211958693995387245
01211958693995387254
01211958693995832745
01211958693995832754
01211958693995837245
01211958693995837254
012119586939131382745
012119586939131382754
012119586939131387245
012119586939131387254
012119586939131832745
012119586939131832754
012119586939131837245
012119586939131837254
012119586939113382745
012119586939113382754
012119586939113387245
012119586939113387254
012119586939113832745
012119586939113832754
012119586939113837245
012119586939113837254
01211958693959382745
01211958693959382754
01211958693959387245
01211958693959387254
01211958693959832745
01211958693959832754
01211958693959837245
01211958693959837254
01211958699395382745
01211958699395382754
01211958699395387245
01211958699395387254
01211958699395832745
01211958699395832754
01211958699395837245
01211958699395837254
012119586993131382745
012119586993131382754
012119586993131387245
012119586993131387254
012119586993131832745
012119586993131832754
012119586993131837245
012119586993131837254
012119586993113382745
012119586993113382754
012119586993113387245
012119586993113387254
012119586993113832745
012119586993113832754
012119586993113837245
012119586993113837254
01211958699359382745
01211958699359382754
01211958699359387245
01211958699359387254
01211958699359832745
01211958699359832754
01211958699359837245
01211958699359837254
01211958963995382745
01211958963995382754
01211958963995387245
01211958963995387254
01211958963995832745
01211958963995832754
01211958963995837245
01211958963995837254
012119589639131382745
012119589639131382754
012119589639131387245
012119589639131387254
012119589639131832745
012119589639131832754
012119589639131837245
012119589639131837254
012119589639113382745
012119589639113382754
012119589639113387245
012119589639113387254
012119589639113832745
012119589639113832754
012119589639113837245
012119589639113837254
01211958963959382745
01211958963959382754
01211958963959387245
01211958963959387254
01211958963959832745
01211958963959832754
01211958963959837245
01211958963959837254
01211958969395382745
01211958969395382754
01211958969395387245
01211958969395387254
01211958969395832745
01211958969395832754
01211958969395837245
01211958969395837254
012119589693131382745
012119589693131382754
012119589693131387245
012119589693131387254
012119589693131832745
012119589693131832754
012119589693131837245
012119589693131837254
012119589693113382745
012119589693113382754
012119589693113387245
012119589693113387254
012119589693113832745
012119589693113832754
012119589693113837245
012119589693113837254
01211958969359382745
01211958969359382754
01211958969359387245
01211958969359387254
01211958969359832745
01211958969359832754
01211958969359837245
01211958969359837254
01211985693995382745
01211985693995382754
01211985693995387245
01211985693995387254
01211985693995832745
01211985693995832754
01211985693995837245
01211985693995837254
012119856939131382745
012119856939131382754
012119856939131387245
012119856939131387254
012119856939131832745
012119856939131832754
012119856939131837245
012119856939131837254
012119856939113382745
012119856939113382754
012119856939113387245
012119856939113387254
012119856939113832745
012119856939113832754
012119856939113837245
012119856939113837254
01211985693959382745
01211985693959382754
01211985693959387245
01211985693959387254
01211985693959832745
01211985693959832754
01211985693959837245
01211985693959837254
01211985699395382745
01211985699395382754
01211985699395387245
01211985699395387254
01211985699395832745
01211985699395832754
01211985699395837245
01211985699395837254
012119856993131382745
012119856993131382754
012119856993131387245
012119856993131387254
012119856993131832745
012119856993131832754
012119856993131837245
012119856993131837254
012119856993113382745
012119856993113382754
012119856993113387245
012119856993113387254
012119856993113832745
012119856993113832754
012119856993113837245
012119856993113837254
01211985699359382745
01211985699359382754
01211985699359387245
01211985699359387254
01211985699359832745
01211985699359832754
01211985699359837245
01211985699359837254
01211985963995382745
01211985963995382754
01211985963995387245
01211985963995387254
01211985963995832745
01211985963995832754
01211985963995837245
01211985963995837254
012119859639131382745
012119859639131382754
012119859639131387245
012119859639131387254
012119859639131832745
012119859639131832754
012119859639131837245
012119859639131837254
012119859639113382745
012119859639113382754
012119859639113387245
012119859639113387254
012119859639113832745
012119859639113832754
012119859639113837245
012119859639113837254
01211985963959382745
01211985963959382754
01211985963959387245
01211985963959387254
01211985963959832745
01211985963959832754
01211985963959837245
01211985963959837254
01211985969395382745
01211985969395382754
01211985969395387245
01211985969395387254
01211985969395832745
01211985969395832754
01211985969395837245
01211985969395837254
012119859693131382745
012119859693131382754
012119859693131387245
012119859693131387254
012119859693131832745
012119859693131832754
012119859693131837245
012119859693131837254
012119859693113382745
012119859693113382754
012119859693113387245
012119859693113387254
012119859693113832745
012119859693113832754
012119859693113837245
012119859693113837254
01211985969359382745
01211985969359382754
01211985969359387245
01211985969359387254
01211985969359832745
01211985969359832754
01211985969359837245
01211985969359837254
0121241258693995382745
0121241258693995382754
0121241258693995387245
0121241258693995387254
0121241258693995832745
0121241258693995832754
0121241258693995837245
0121241258693995837254
01212412586939131382745
01212412586939131382754
01212412586939131387245
01212412586939131387254
01212412586939131832745
01212412586939131832754
01212412586939131837245
01212412586939131837254
01212412586939113382745
01212412586939113382754
01212412586939113387245
01212412586939113387254
01212412586939113832745
01212412586939113832754
01212412586939113837245
01212412586939113837254
0121241258693959382745
0121241258693959382754
0121241258693959387245
0121241258693959387254
0121241258693959832745
0121241258693959832754
0121241258693959837245
0121241258693959837254
0121241258699395382745
0121241258699395382754
0121241258699395387245
0121241258699395387254
0121241258699395832745
0121241258699395832754
0121241258699395837245
0121241258699395837254
01212412586993131382745
01212412586993131382754
01212412586993131387245
01212412586993131387254
01212412586993131832745
01212412586993131832754
01212412586993131837245
01212412586993131837254
01212412586993113382745
01212412586993113382754
01212412586993113387245
01212412586993113387254
01212412586993113832745
01212412586993113832754
01212412586993113837245
01212412586993113837254
0121241258699359382745
0121241258699359382754
0121241258699359387245
0121241258699359387254
0121241258699359832745
0121241258699359832754
0121241258699359837245
0121241258699359837254
0121241258963995382745
0121241258963995382754
0121241258963995387245
0121241258963995387254
0121241258963995832745
0121241258963995832754
0121241258963995837245
0121241258963995837254
01212412589639131382745
01212412589639131382754
01212412589639131387245
01212412589639131387254
01212412589639131832745
01212412589639131832754
01212412589639131837245
01212412589639131837254
01212412589639113382745
01212412589639113382754
01212412589639113387245
01212412589639113387254
01212412589639113832745
01212412589639113832754
01212412589639113837245
01212412589639113837254
0121241258963959382745
0121241258963959382754
0121241258963959387245
0121241258963959387254
0121241258963959832745
0121241258963959832754
0121241258963959837245
0121241258963959837254
0121241258969395382745
0121241258969395382754
0121241258969395387245
0121241258969395387254
0121241258969395832745
0121241258969395832754
0121241258969395837245
0121241258969395837254
01212412589693131382745
01212412589693131382754
01212412589693131387245
01212412589693131387254
01212412589693131832745
01212412589693131832754
01212412589693131837245
01212412589693131837254
01212412589693113382745
01212412589693113382754
01212412589693113387245
01212412589693113387254
01212412589693113832745
01212412589693113832754
01212412589693113837245
01212412589693113837254
0121241258969359382745
0121241258969359382754
0121241258969359387245
0121241258969359387254
0121241258969359832745
0121241258969359832754
0121241258969359837245
0121241258969359837254
0121241285693995382745
0121241285693995382754
0121241285693995387245
0121241285693995387254
0121241285693995832745
0121241285693995832754
0121241285693995837245
0121241285693995837254
01212412856939131382745
01212412856939131382754
01212412856939131387245
01212412856939131387254
01212412856939131832745
01212412856939131832754
01212412856939131837245
01212412856939131837254
01212412856939113382745
01212412856939113382754
01212412856939113387245
01212412856939113387254
01212412856939113832745
01212412856939113832754
01212412856939113837245
01212412856939113837254
0121241285693959382745
0121241285693959382754
0121241285693959387245
0121241285693959387254
0121241285693959832745
0121241285693959832754
0121241285693959837245
0121241285693959837254
0121241285699395382745
0121241285699395382754
0121241285699395387245
0121241285699395387254
0121241285699395832745
0121241285699395832754
0121241285699395837245
0121241285699395837254
01212412856993131382745
01212412856993131382754
01212412856993131387245
01212412856993131387254
01212412856993131832745
01212412856993131832754
01212412856993131837245
01212412856993131837254
01212412856993113382745
01212412856993113382754
01212412856993113387245
01212412856993113387254
01212412856993113832745
01212412856993113832754
01212412856993113837245
01212412856993113837254
0121241285699359382745
0121241285699359382754
0121241285699359387245
0121241285699359387254
0121241285699359832745
0121241285699359832754
0121241285699359837245
0121241285699359837254
0121241285963995382745
0121241285963995382754
0121241285963995387245
0121241285963995387254
0121241285963995832745
0121241285963995832754
0121241285963995837245
0121241285963995837254
01212412859639131382745
01212412859639131382754
01212412859639131387245
01212412859639131387254
01212412859639131832745
01212412859639131832754
01212412859639131837245
01212412859639131837254
01212412859639113382745
01212412859639113382754
01212412859639113387245
01212412859639113387254
01212412859639113832745
01212412859639113832754
01212412859639113837245
01212412859639113837254
0121241285963959382745
0121241285963959382754
0121241285963959387245
0121241285963959387254
0121241285963959832745
0121241285963959832754
0121241285963959837245
0121241285963959837254
0121241285969395382745
0121241285969395382754
0121241285969395387245
0121241285969395387254
0121241285969395832745
0121241285969395832754
0121241285969395837245
0121241285969395837254
01212412859693131382745
01212412859693131382754
01212412859693131387245
01212412859693131387254
01212412859693131832745
01212412859693131832754
01212412859693131837245
01212412859693131837254
01212412859693113382745
01212412859693113382754
01212412859693113387245
01212412859693113387254
01212412859693113832745
01212412859693113832754
01212412859693113837245
01212412859693113837254
0121241285969359382745
0121241285969359382754
0121241285969359387245
0121241285969359387254
0121241285969359832745
0121241285969359832754
0121241285969359837245
0121241285969359837254
0112122458693995382745
0112122458693995382754
0112122458693995387245
0112122458693995387254
0112122458693995832745
0112122458693995832754
0112122458693995837245
0112122458693995837254
01121224586939131382745
01121224586939131382754
01121224586939131387245
01121224586939131387254
01121224586939131832745
01121224586939131832754
01121224586939131837245
01121224586939131837254
01121224586939113382745
01121224586939113382754
01121224586939113387245
01121224586939113387254
01121224586939113832745
01121224586939113832754
01121224586939113837245
01121224586939113837254
0112122458693959382745
0112122458693959382754
0112122458693959387245
0112122458693959387254
0112122458693959832745
0112122458693959832754
0112122458693959837245
0112122458693959837254
0112122458699395382745
0112122458699395382754
0112122458699395387245
0112122458699395387254
0112122458699395832745
0112122458699395832754
0112122458699395837245
0112122458699395837254
01121224586993131382745
01121224586993131382754
01121224586993131387245
01121224586993131387254
01121224586993131832745
01121224586993131832754
01121224586993131837245
01121224586993131837254
01121224586993113382745
01121224586993113382754
01121224586993113387245
01121224586993113387254
01121224586993113832745
01121224586993113832754
01121224586993113837245
01121224586993113837254
0112122458699359382745
0112122458699359382754
0112122458699359387245
0112122458699359387254
0112122458699359832745
0112122458699359832754
0112122458699359837245
0112122458699359837254
0112122458963995382745
0112122458963995382754
0112122458963995387245
0112122458963995387254
0112122458963995832745
0112122458963995832754
0112122458963995837245
0112122458963995837254
01121224589639131382745
01121224589639131382754
01121224589639131387245
01121224589639131387254
01121224589639131832745
01121224589639131832754
01121224589639131837245
01121224589639131837254
01121224589639113382745
01121224589639113382754
01121224589639113387245
01121224589639113387254
01121224589639113832745
01121224589639113832754
01121224589639113837245
01121224589639113837254
0112122458963959382745
0112122458963959382754
0112122458963959387245
0112122458963959387254
0112122458963959832745
0112122458963959832754
0112122458963959837245
0112122458963959837254
0112122458969395382745
0112122458969395382754
0112122458969395387245
0112122458969395387254
0112122458969395832745
0112122458969395832754
0112122458969395837245
0112122458969395837254
01121224589693131382745
01121224589693131382754
01121224589693131387245
01121224589693131387254
01121224589693131832745
01121224589693131832754
01121224589693131837245
01121224589693131837254
01121224589693113382745
01121224589693113382754
01121224589693113387245
01121224589693113387254
01121224589693113832745
01121224589693113832754
01121224589693113837245
01121224589693113837254
0112122458969359382745
0112122458969359382754
0112122458969359387245
0112122458969359387254
0112122458969359832745
0112122458969359832754
0112122458969359837245
0112122458969359837254
0112122485693995382745
0112122485693995382754
0112122485693995387245
0112122485693995387254
0112122485693995832745
0112122485693995832754
0112122485693995837245
0112122485693995837254
01121224856939131382745
01121224856939131382754
01121224856939131387245
01121224856939131387254
01121224856939131832745
01121224856939131832754
01121224856939131837245
01121224856939131837254
01121224856939113382745
01121224856939113382754
01121224856939113387245
01121224856939113387254
01121224856939113832745
01121224856939113832754
01121224856939113837245
01121224856939113837254
0112122485693959382745
0112122485693959382754
0112122485693959387245
0112122485693959387254
0112122485693959832745
0112122485693959832754
0112122485693959837245
0112122485693959837254
0112122485699395382745
0112122485699395382754
0112122485699395387245
0112122485699395387254
0112122485699395832745
0112122485699395832754
0112122485699395837245
0112122485699395837254
01121224856993131382745
01121224856993131382754
01121224856993131387245
01121224856993131387254
01121224856993131832745
01121224856993131832754
01121224856993131837245
01121224856993131837254
01121224856993113382745
01121224856993113382754
01121224856993113387245
01121224856993113387254
01121224856993113832745
01121224856993113832754
01121224856993113837245
01121224856993113837254
0112122485699359382745
0112122485699359382754
0112122485699359387245
0112122485699359387254
0112122485699359832745
0112122485699359832754
0112122485699359837245
0112122485699359837254
0112122485963995382745
0112122485963995382754
0112122485963995387245
0112122485963995387254
0112122485963995832745
0112122485963995832754
0112122485963995837245
0112122485963995837254
01121224859639131382745
01121224859639131382754
01121224859639131387245
01121224859639131387254
01121224859639131832745
01121224859639131832754
01121224859639131837245
01121224859639131837254
01121224859639113382745
01121224859639113382754
01121224859639113387245
01121224859639113387254
01121224859639113832745
01121224859639113832754
01121224859639113837245
01121224859639113837254
0112122485963959382745
0112122485963959382754
0112122485963959387245
0112122485963959387254
0112122485963959832745
0112122485963959832754
0112122485963959837245
0112122485963959837254
0112122485969395382745
0112122485969395382754
0112122485969395387245
0112122485969395387254
0112122485969395832745
0112122485969395832754
0112122485969395837245
0112122485969395837254
01121224859693131382745
01121224859693131382754
01121224859693131387245
01121224859693131387254
01121224859693131832745
01121224859693131832754
01121224859693131837245
01121224859693131837254
01121224859693113382745
01121224859693113382754
01121224859693113387245
01121224859693113387254
01121224859693113832745
01121224859693113832754
01121224859693113837245
01121224859693113837254
0112122485969359382745
0112122485969359382754
0112122485969359387245
0112122485969359387254
0112122485969359832745
0112122485969359832754
0112122485969359837245
0112122485969359837254
01129158693995382745
01129158693995382754
01129158693995387245
01129158693995387254
01129158693995832745
01129158693995832754
01129158693995837245
01129158693995837254
011291586939131382745
011291586939131382754
011291586939131387245
011291586939131387254
011291586939131832745
011291586939131832754
011291586939131837245
011291586939131837254
011291586939113382745
011291586939113382754
011291586939113387245
011291586939113387254
011291586939113832745
011291586939113832754
011291586939113837245
011291586939113837254
01129158693959382745
01129158693959382754
01129158693959387245
01129158693959387254
01129158693959832745
01129158693959832754
01129158693959837245
01129158693959837254
01129158699395382745
01129158699395382754
01129158699395387245
01129158699395387254
01129158699395832745
01129158699395832754
01129158699395837245
01129158699395837254
011291586993131382745
011291586993131382754
011291586993131387245
011291586993131387254
011291586993131832745
011291586993131832754
011291586993131837245
011291586993131837254
011291586993113382745
011291586993113382754
011291586993113387245
011291586993113387254
011291586993113832745
011291586993113832754
011291586993113837245
011291586993113837254
01129158699359382745
01129158699359382754
01129158699359387245
01129158699359387254
01129158699359832745
01129158699359832754
01129158699359837245
01129158699359837254
01129158963995382745
01129158963995382754
01129158963995387245
01129158963995387254
01129158963995832745
01129158963995832754
01129158963995837245
01129158963995837254
011291589639131382745
011291589639131382754
011291589639131387245
011291589639131387254
011291589639131832745
011291589639131832754
011291589639131837245
011291589639131837254
011291589639113382745
011291589639113382754
011291589639113387245
011291589639113387254
011291589639113832745
011291589639113832754
011291589639113837245
011291589639113837254
01129158963959382745
01129158963959382754
01129158963959387245
01129158963959387254
01129158963959832745
01129158963959832754
01129158963959837245
01129158963959837254
01129158969395382745
01129158969395382754
01129158969395387245
01129158969395387254
01129158969395832745
01129158969395832754
01129158969395837245
01129158969395837254
011291589693131382745
011291589693131382754
011291589693131387245
011291589693131387254
011291589693131832745
011291589693131832754
011291589693131837245
011291589693131837254
011291589693113382745
011291589693113382754
011291589693113387245
011291589693113387254
011291589693113832745
011291589693113832754
011291589693113837245
011291589693113837254
01129158969359382745
01129158969359382754
01129158969359387245
01129158969359387254
01129158969359832745
01129158969359832754
01129158969359837245
01129158969359837254
01129185693995382745
01129185693995382754
01129185693995387245
01129185693995387254
01129185693995832745
01129185693995832754
01129185693995837245
01129185693995837254
011291856939131382745
011291856939131382754
011291856939131387245
011291856939131387254
011291856939131832745
011291856939131832754
011291856939131837245
011291856939131837254
011291856939113382745
011291856939113382754
011291856939113387245
011291856939113387254
011291856939113832745
011291856939113832754
011291856939113837245
011291856939113837254
01129185693959382745
01129185693959382754
01129185693959387245
01129185693959387254
01129185693959832745
01129185693959832754
01129185693959837245
01129185693959837254
01129185699395382745
01129185699395382754
01129185699395387245
01129185699395387254
01129185699395832745
01129185699395832754
01129185699395837245
01129185699395837254
011291856993131382745
011291856993131382754
011291856993131387245
011291856993131387254
011291856993131832745
011291856993131832754
011291856993131837245
011291856993131837254
011291856993113382745
011291856993113382754
011291856993113387245
011291856993113387254
011291856993113832745
011291856993113832754
011291856993113837245
011291856993113837254
01129185699359382745
01129185699359382754
01129185699359387245
01129185699359387254
01129185699359832745
01129185699359832754
01129185699359837245
01129185699359837254
01129185963995382745
01129185963995382754
01129185963995387245
01129185963995387254
01129185963995832745
01129185963995832754
01129185963995837245
01129185963995837254
011291859639131382745
011291859639131382754
011291859639131387245
011291859639131387254
011291859639131832745
011291859639131832754
011291859639131837245
011291859639131837254
011291859639113382745
011291859639113382754
011291859639113387245
011291859639113387254
011291859639113832745
011291859639113832754
011291859639113837245
011291859639113837254
01129185963959382745
01129185963959382754
01129185963959387245
01129185963959387254
01129185963959832745
01129185963959832754
01129185963959837245
01129185963959837254
01129185969395382745
01129185969395382754
01129185969395387245
01129185969395387254
01129185969395832745
01129185969395832754
01129185969395837245
01129185969395837254
011291859693131382745
011291859693131382754
011291859693131387245
011291859693131387254
011291859693131832745
011291859693131832754
011291859693131837245
011291859693131837254
011291859693113382745
011291859693113382754
011291859693113387245
011291859693113387254
011291859693113832745
011291859693113832754
011291859693113837245
011291859693113837254
01129185969359382745
01129185969359382754
01129185969359387245
01129185969359387254
01129185969359832745
01129185969359832754
01129185969359837245
01129185969359837254
01121958693995382745
01121958693995382754
01121958693995387245
01121958693995387254
01121958693995832745
01121958693995832754
01121958693995837245
01121958693995837254
011219586939131382745
011219586939131382754
011219586939131387245
011219586939131387254
011219586939131832745
011219586939131832754
011219586939131837245
011219586939131837254
011219586939113382745
011219586939113382754
011219586939113387245
011219586939113387254
011219586939113832745
011219586939113832754
011219586939113837245
011219586939113837254
01121958693959382745
01121958693959382754
01121958693959387245
01121958693959387254
01121958693959832745
01121958693959832754
01121958693959837245
01121958693959837254
01121958699395382745
01121958699395382754
01121958699395387245
01121958699395387254
01121958699395832745
01121958699395832754
01121958699395837245
01121958699395837254
011219586993131382745
011219586993131382754
011219586993131387245
011219586993131387254
011219586993131832745
011219586993131832754
011219586993131837245
011219586993131837254
011219586993113382745
011219586993113382754
011219586993113387245
011219586993113387254
011219586993113832745
011219586993113832754
011219586993113837245
011219586993113837254
01121958699359382745
01121958699359382754
01121958699359387245
01121958699359387254
01121958699359832745
01121958699359832754
01121958699359837245
01121958699359837254
01121958963995382745
01121958963995382754
01121958963995387245
01121958963995387254
01121958963995832745
01121958963995832754
01121958963995837245
01121958963995837254
011219589639131382745
011219589639131382754
011219589639131387245
011219589639131387254
011219589639131832745
011219589639131832754
011219589639131837245
011219589639131837254
011219589639113382745
011219589639113382754
011219589639113387245
011219589639113387254
011219589639113832745
011219589639113832754
011219589639113837245
011219589639113837254
01121958963959382745
01121958963959382754
01121958963959387245
01121958963959387254
01121958963959832745
01121958963959832754
01121958963959837245
01121958963959837254
01121958969395382745
01121958969395382754
01121958969395387245
01121958969395387254
01121958969395832745
01121958969395832754
01121958969395837245
01121958969395837254
011219589693131382745
011219589693131382754
011219589693131387245
011219589693131387254
011219589693131832745
011219589693131832754
011219589693131837245
011219589693131837254
011219589693113382745
011219589693113382754
011219589693113387245
011219589693113387254
011219589693113832745
011219589693113832754
011219589693113837245
011219589693113837254
01121958969359382745
01121958969359382754
01121958969359387245
01121958969359387254
01121958969359832745
01121958969359832754
01121958969359837245
01121958969359837254
01121985693995382745
01121985693995382754
01121985693995387245
01121985693995387254
01121985693995832745
01121985693995832754
01121985693995837245
01121985693995837254
011219856939131382745
011219856939131382754
011219856939131387245
011219856939131387254
011219856939131832745
011219856939131832754
011219856939131837245
011219856939131837254
011219856939113382745
011219856939113382754
011219856939113387245
011219856939113387254
011219856939113832745
011219856939113832754
011219856939113837245
011219856939113837254
01121985693959382745
01121985693959382754
01121985693959387245
01121985693959387254
01121985693959832745
01121985693959832754
01121985693959837245
01121985693959837254
01121985699395382745
01121985699395382754
01121985699395387245
01121985699395387254
01121985699395832745
01121985699395832754
01121985699395837245
01121985699395837254
011219856993131382745
011219856993131382754
011219856993131387245
011219856993131387254
011219856993131832745
011219856993131832754
011219856993131837245
011219856993131837254
011219856993113382745
011219856993113382754
011219856993113387245
011219856993113387254
011219856993113832745
011219856993113832754
011219856993113837245
011219856993113837254
01121985699359382745
01121985699359382754
01121985699359387245
01121985699359387254
01121985699359832745
01121985699359832754
01121985699359837245
01121985699359837254
01121985963995382745
01121985963995382754
01121985963995387245
01121985963995387254
01121985963995832745
01121985963995832754
01121985963995837245
01121985963995837254
011219859639131382745
011219859639131382754
011219859639131387245
011219859639131387254
011219859639131832745
011219859639131832754
011219859639131837245
011219859639131837254
011219859639113382745
011219859639113382754
011219859639113387245
011219859639113387254
011219859639113832745
011219859639113832754
011219859639113837245
011219859639113837254
01121985963959382745
01121985963959382754
01121985963959387245
01121985963959387254
01121985963959832745
01121985963959832754
01121985963959837245
01121985963959837254
01121985969395382745
01121985969395382754
01121985969395387245
01121985969395387254
01121985969395832745
01121985969395832754
01121985969395837245
01121985969395837254
011219859693131382745
011219859693131382754
011219859693131387245
011219859693131387254
011219859693131832745
011219859693131832754
011219859693131837245
011219859693131837254
011219859693113382745
011219859693113382754
011219859693113387245
011219859693113387254
011219859693113832745
011219859693113832754
011219859693113837245
011219859693113837254
01121985969359382745
01121985969359382754
01121985969359387245
01121985969359387254
01121985969359832745
01121985969359832754
01121985969359837245
01121985969359837254
0112241258693995382745
0112241258693995382754
0112241258693995387245
0112241258693995387254
0112241258693995832745
0112241258693995832754
0112241258693995837245
0112241258693995837254
01122412586939131382745
01122412586939131382754
01122412586939131387245
01122412586939131387254
01122412586939131832745
01122412586939131832754
01122412586939131837245
01122412586939131837254
01122412586939113382745
01122412586939113382754
01122412586939113387245
01122412586939113387254
01122412586939113832745
01122412586939113832754
01122412586939113837245
01122412586939113837254
0112241258693959382745
0112241258693959382754
0112241258693959387245
0112241258693959387254
0112241258693959832745
0112241258693959832754
0112241258693959837245
0112241258693959837254
0112241258699395382745
0112241258699395382754
0112241258699395387245
0112241258699395387254
0112241258699395832745
0112241258699395832754
0112241258699395837245
0112241258699395837254
01122412586993131382745
01122412586993131382754
01122412586993131387245
01122412586993131387254
01122412586993131832745
01122412586993131832754
01122412586993131837245
01122412586993131837254
01122412586993113382745
01122412586993113382754
01122412586993113387245
01122412586993113387254
01122412586993113832745
01122412586993113832754
01122412586993113837245
01122412586993113837254
0112241258699359382745
0112241258699359382754
0112241258699359387245
0112241258699359387254
0112241258699359832745
0112241258699359832754
0112241258699359837245
0112241258699359837254
0112241258963995382745
0112241258963995382754
0112241258963995387245
0112241258963995387254
0112241258963995832745
0112241258963995832754
0112241258963995837245
0112241258963995837254
01122412589639131382745
01122412589639131382754
01122412589639131387245
01122412589639131387254
01122412589639131832745
01122412589639131832754
01122412589639131837245
01122412589639131837254
01122412589639113382745
01122412589639113382754
01122412589639113387245
01122412589639113387254
01122412589639113832745
01122412589639113832754
01122412589639113837245
01122412589639113837254
0112241258963959382745
0112241258963959382754
0112241258963959387245
0112241258963959387254
0112241258963959832745
0112241258963959832754
0112241258963959837245
0112241258963959837254
0112241258969395382745
0112241258969395382754
0112241258969395387245
0112241258969395387254
0112241258969395832745
0112241258969395832754
0112241258969395837245
0112241258969395837254
01122412589693131382745
01122412589693131382754
01122412589693131387245
01122412589693131387254
01122412589693131832745
01122412589693131832754
01122412589693131837245
01122412589693131837254
01122412589693113382745
01122412589693113382754
01122412589693113387245
01122412589693113387254
01122412589693113832745
01122412589693113832754
01122412589693113837245
01122412589693113837254
0112241258969359382745
0112241258969359382754
0112241258969359387245
0112241258969359387254
0112241258969359832745
0112241258969359832754
0112241258969359837245
0112241258969359837254
0112241285693995382745
0112241285693995382754
0112241285693995387245
0112241285693995387254
0112241285693995832745
0112241285693995832754
0112241285693995837245
0112241285693995837254
01122412856939131382745
01122412856939131382754
01122412856939131387245
01122412856939131387254
01122412856939131832745
01122412856939131832754
01122412856939131837245
01122412856939131837254
01122412856939113382745
01122412856939113382754
01122412856939113387245
01122412856939113387254
01122412856939113832745
01122412856939113832754
01122412856939113837245
01122412856939113837254
0112241285693959382745
0112241285693959382754
0112241285693959387245
0112241285693959387254
0112241285693959832745
0112241285693959832754
0112241285693959837245
0112241285693959837254
0112241285699395382745
0112241285699395382754
0112241285699395387245
0112241285699395387254
0112241285699395832745
0112241285699395832754
0112241285699395837245
0112241285699395837254
01122412856993131382745
01122412856993131382754
01122412856993131387245
01122412856993131387254
01122412856993131832745
01122412856993131832754
01122412856993131837245
01122412856993131837254
01122412856993113382745
01122412856993113382754
01122412856993113387245
01122412856993113387254
01122412856993113832745
01122412856993113832754
01122412856993113837245
01122412856993113837254
0112241285699359382745
0112241285699359382754
0112241285699359387245
0112241285699359387254
0112241285699359832745
0112241285699359832754
0112241285699359837245
0112241285699359837254
0112241285963995382745
0112241285963995382754
0112241285963995387245
0112241285963995387254
0112241285963995832745
0112241285963995832754
0112241285963995837245
0112241285963995837254
01122412859639131382745
01122412859639131382754
01122412859639131387245
01122412859639131387254
01122412859639131832745
01122412859639131832754
01122412859639131837245
01122412859639131837254
01122412859639113382745
01122412859639113382754
01122412859639113387245
01122412859639113387254
01122412859639113832745
01122412859639113832754
01122412859639113837245
01122412859639113837254
0112241285963959382745
0112241285963959382754
0112241285963959387245
0112241285963959387254
0112241285963959832745
0112241285963959832754
0112241285963959837245
0112241285963959837254
0112241285969395382745
0112241285969395382754
0112241285969395387245
0112241285969395387254
0112241285969395832745
0112241285969395832754
0112241285969395837245
0112241285969395837254
01122412859693131382745
01122412859693131382754
01122412859693131387245
01122412859693131387254
01122412859693131832745
01122412859693131832754
01122412859693131837245
01122412859693131837254
01122412859693113382745
01122412859693113382754
01122412859693113387245
01122412859693113387254
01122412859693113832745
01122412859693113832754
01122412859693113837245
01122412859693113837254
0112241285969359382745
0112241285969359382754
0112241285969359387245
0112241285969359387254
0112241285969359832745
0112241285969359832754
0112241285969359837245
0112241285969359837254
1021122458693995382745
1021122458693995382754
1021122458693995387245
1021122458693995387254
1021122458693995832745
1021122458693995832754
1021122458693995837245
1021122458693995837254
10211224586939131382745
10211224586939131382754
10211224586939131387245
10211224586939131387254
10211224586939131832745
10211224586939131832754
10211224586939131837245
10211224586939131837254
10211224586939113382745
10211224586939113382754
10211224586939113387245
10211224586939113387254
10211224586939113832745
10211224586939113832754
10211224586939113837245
10211224586939113837254
1021122458693959382745
1021122458693959382754
1021122458693959387245
1021122458693959387254
1021122458693959832745
1021122458693959832754
1021122458693959837245
1021122458693959837254
1021122458699395382745
1021122458699395382754
1021122458699395387245
1021122458699395387254
1021122458699395832745
1021122458699395832754
1021122458699395837245
1021122458699395837254
10211224586993131382745
10211224586993131382754
10211224586993131387245
10211224586993131387254
10211224586993131832745
10211224586993131832754
10211224586993131837245
10211224586993131837254
10211224586993113382745
10211224586993113382754
10211224586993113387245
10211224586993113387254
10211224586993113832745
10211224586993113832754
10211224586993113837245
10211224586993113837254
1021122458699359382745
1021122458699359382754
1021122458699359387245
1021122458699359387254
1021122458699359832745
1021122458699359832754
1021122458699359837245
1021122458699359837254
1021122458963995382745
1021122458963995382754
1021122458963995387245
1021122458963995387254
1021122458963995832745
1021122458963995832754
1021122458963995837245
1021122458963995837254
10211224589639131382745
10211224589639131382754
10211224589639131387245
10211224589639131387254
10211224589639131832745
10211224589639131832754
10211224589639131837245
10211224589639131837254
10211224589639113382745
10211224589639113382754
10211224589639113387245
10211224589639113387254
10211224589639113832745
10211224589639113832754
10211224589639113837245
10211224589639113837254
1021122458963959382745
1021122458963959382754
1021122458963959387245
1021122458963959387254
1021122458963959832745
1021122458963959832754
1021122458963959837245
1021122458963959837254
1021122458969395382745
1021122458969395382754
1021122458969395387245
1021122458969395387254
1021122458969395832745
1021122458969395832754
1021122458969395837245
1021122458969395837254
10211224589693131382745
10211224589693131382754
10211224589693131387245
10211224589693131387254
10211224589693131832745
10211224589693131832754
10211224589693131837245
10211224589693131837254
10211224589693113382745
10211224589693113382754
10211224589693113387245
10211224589693113387254
10211224589693113832745
10211224589693113832754
10211224589693113837245
10211224589693113837254
1021122458969359382745
1021122458969359382754
1021122458969359387245
1021122458969359387254
1021122458969359832745
1021122458969359832754
1021122458969359837245
1021122458969359837254
1021122485693995382745
1021122485693995382754
1021122485693995387245
1021122485693995387254
1021122485693995832745
1021122485693995832754
1021122485693995837245
1021122485693995837254
10211224856939131382745
10211224856939131382754
10211224856939131387245
10211224856939131387254
10211224856939131832745
10211224856939131832754
10211224856939131837245
10211224856939131837254
10211224856939113382745
10211224856939113382754
10211224856939113387245
10211224856939113387254
10211224856939113832745
10211224856939113832754
10211224856939113837245
10211224856939113837254
1021122485693959382745
1021122485693959382754
1021122485693959387245
1021122485693959387254
1021122485693959832745
1021122485693959832754
1021122485693959837245
1021122485693959837254
1021122485699395382745
1021122485699395382754
1021122485699395387245
1021122485699395387254
1021122485699395832745
1021122485699395832754
1021122485699395837245
1021122485699395837254
10211224856993131382745
10211224856993131382754
10211224856993131387245
10211224856993131387254
10211224856993131832745
10211224856993131832754
10211224856993131837245
10211224856993131837254
10211224856993113382745
10211224856993113382754
10211224856993113387245
10211224856993113387254
10211224856993113832745
10211224856993113832754
10211224856993113837245
10211224856993113837254
1021122485699359382745
1021122485699359382754
1021122485699359387245
1021122485699359387254
1021122485699359832745
1021122485699359832754
1021122485699359837245
1021122485699359837254
1021122485963995382745
1021122485963995382754
1021122485963995387245
1021122485963995387254
1021122485963995832745
1021122485963995832754
1021122485963995837245
1021122485963995837254
10211224859639131382745
10211224859639131382754
10211224859639131387245
10211224859639131387254
10211224859639131832745
10211224859639131832754
10211224859639131837245
10211224859639131837254
10211224859639113382745
10211224859639113382754
10211224859639113387245
10211224859639113387254
10211224859639113832745
10211224859639113832754
10211224859639113837245
10211224859639113837254
1021122485963959382745
1021122485963959382754
1021122485963959387245
1021122485963959387254
1021122485963959832745
1021122485963959832754
1021122485963959837245
1021122485963959837254
1021122485969395382745
1021122485969395382754
1021122485969395387245
1021122485969395387254
1021122485969395832745
1021122485969395832754
1021122485969395837245
1021122485969395837254
10211224859693131382745
10211224859693131382754
10211224859693131387245
10211224859693131387254
10211224859693131832745
10211224859693131832754
10211224859693131837245
10211224859693131837254
10211224859693113382745
10211224859693113382754
10211224859693113387245
10211224859693113387254
10211224859693113832745
10211224859693113832754
10211224859693113837245
10211224859693113837254
1021122485969359382745
1021122485969359382754
1021122485969359387245
1021122485969359387254
1021122485969359832745
1021122485969359832754
1021122485969359837245
1021122485969359837254
10219158693995382745
10219158693995382754
10219158693995387245
10219158693995387254
10219158693995832745
10219158693995832754
10219158693995837245
10219158693995837254
102191586939131382745
102191586939131382754
102191586939131387245
102191586939131387254
102191586939131832745
102191586939131832754
102191586939131837245
102191586939131837254
102191586939113382745
102191586939113382754
102191586939113387245
102191586939113387254
102191586939113832745
102191586939113832754
102191586939113837245
102191586939113837254
10219158693959382745
10219158693959382754
10219158693959387245
10219158693959387254
10219158693959832745
10219158693959832754
10219158693959837245
10219158693959837254
10219158699395382745
10219158699395382754
10219158699395387245
10219158699395387254
10219158699395832745
10219158699395832754
10219158699395837245
10219158699395837254
102191586993131382745
102191586993131382754
102191586993131387245
102191586993131387254
102191586993131832745
102191586993131832754
102191586993131837245
102191586993131837254
102191586993113382745
102191586993113382754
102191586993113387245
102191586993113387254
102191586993113832745
102191586993113832754
102191586993113837245
102191586993113837254
10219158699359382745
10219158699359382754
10219158699359387245
10219158699359387254
10219158699359832745
10219158699359832754
10219158699359837245
10219158699359837254
10219158963995382745
10219158963995382754
10219158963995387245
10219158963995387254
10219158963995832745
10219158963995832754
10219158963995837245
10219158963995837254
102191589639131382745
102191589639131382754
102191589639131387245
102191589639131387254
102191589639131832745
102191589639131832754
102191589639131837245
102191589639131837254
102191589639113382745
102191589639113382754
102191589639113387245
102191589639113387254
102191589639113832745
102191589639113832754
102191589639113837245
102191589639113837254
10219158963959382745
10219158963959382754
10219158963959387245
10219158963959387254
10219158963959832745
10219158963959832754
10219158963959837245
10219158963959837254
10219158969395382745
10219158969395382754
10219158969395387245
10219158969395387254
10219158969395832745
10219158969395832754
10219158969395837245
10219158969395837254
102191589693131382745
102191589693131382754
102191589693131387245
102191589693131387254
102191589693131832745
102191589693131832754
102191589693131837245
102191589693131837254
102191589693113382745
102191589693113382754
102191589693113387245
102191589693113387254
102191589693113832745
102191589693113832754
102191589693113837245
102191589693113837254
10219158969359382745
10219158969359382754
10219158969359387245
10219158969359387254
10219158969359832745
10219158969359832754
10219158969359837245
10219158969359837254
10219185693995382745
10219185693995382754
10219185693995387245
10219185693995387254
10219185693995832745
10219185693995832754
10219185693995837245
10219185693995837254
102191856939131382745
102191856939131382754
102191856939131387245
102191856939131387254
102191856939131832745
102191856939131832754
102191856939131837245
102191856939131837254
102191856939113382745
102191856939113382754
102191856939113387245
102191856939113387254
102191856939113832745
102191856939113832754
102191856939113837245
102191856939113837254
10219185693959382745
10219185693959382754
10219185693959387245
10219185693959387254
10219185693959832745
10219185693959832754
10219185693959837245
10219185693959837254
10219185699395382745
10219185699395382754
10219185699395387245
10219185699395387254
10219185699395832745
10219185699395832754
10219185699395837245
10219185699395837254
102191856993131382745
102191856993131382754
102191856993131387245
102191856993131387254
102191856993131832745
102191856993131832754
102191856993131837245
102191856993131837254
102191856993113382745
102191856993113382754
102191856993113387245
102191856993113387254
102191856993113832745
102191856993113832754
102191856993113837245
102191856993113837254
10219185699359382745
10219185699359382754
10219185699359387245
10219185699359387254
10219185699359832745
10219185699359832754
10219185699359837245
10219185699359837254
10219185963995382745
10219185963995382754
10219185963995387245
10219185963995387254
10219185963995832745
10219185963995832754
10219185963995837245
10219185963995837254
102191859639131382745
102191859639131382754
102191859639131387245
102191859639131387254
102191859639131832745
102191859639131832754
102191859639131837245
102191859639131837254
102191859639113382745
102191859639113382754
102191859639113387245
102191859639113387254
102191859639113832745
102191859639113832754
102191859639113837245
102191859639113837254
10219185963959382745
10219185963959382754
10219185963959387245
10219185963959387254
10219185963959832745
10219185963959832754
10219185963959837245
10219185963959837254
10219185969395382745
10219185969395382754
10219185969395387245
10219185969395387254
10219185969395832745
10219185969395832754
10219185969395837245
10219185969395837254
102191859693131382745
102191859693131382754
102191859693131387245
102191859693131387254
102191859693131832745
102191859693131832754
102191859693131837245
102191859693131837254
102191859693113382745
102191859693113382754
102191859693113387245
102191859693113387254
102191859693113832745
102191859693113832754
102191859693113837245
102191859693113837254
10219185969359382745
10219185969359382754
10219185969359387245
10219185969359387254
10219185969359832745
10219185969359832754
10219185969359837245
10219185969359837254
10211958693995382745
10211958693995382754
10211958693995387245
10211958693995387254
10211958693995832745
10211958693995832754
10211958693995837245
10211958693995837254
102119586939131382745
102119586939131382754
102119586939131387245
102119586939131387254
102119586939131832745
102119586939131832754
102119586939131837245
102119586939131837254
102119586939113382745
102119586939113382754
102119586939113387245
102119586939113387254
102119586939113832745
102119586939113832754
102119586939113837245
102119586939113837254
10211958693959382745
10211958693959382754
10211958693959387245
10211958693959387254
10211958693959832745
10211958693959832754
10211958693959837245
10211958693959837254
10211958699395382745
10211958699395382754
10211958699395387245
10211958699395387254
10211958699395832745
10211958699395832754
10211958699395837245
10211958699395837254
102119586993131382745
102119586993131382754
102119586993131387245
102119586993131387254
102119586993131832745
102119586993131832754
102119586993131837245
102119586993131837254
102119586993113382745
102119586993113382754
102119586993113387245
102119586993113387254
102119586993113832745
102119586993113832754
102119586993113837245
102119586993113837254
10211958699359382745
10211958699359382754
10211958699359387245
10211958699359387254
10211958699359832745
10211958699359832754
10211958699359837245
10211958699359837254
10211958963995382745
10211958963995382754
10211958963995387245
10211958963995387254
10211958963995832745
10211958963995832754
10211958963995837245
10211958963995837254
102119589639131382745
102119589639131382754
102119589639131387245
102119589639131387254
102119589639131832745
102119589639131832754
102119589639131837245
102119589639131837254
102119589639113382745
102119589639113382754
102119589639113387245
102119589639113387254
102119589639113832745
102119589639113832754
102119589639113837245
102119589639113837254
10211958963959382745
10211958963959382754
10211958963959387245
10211958963959387254
10211958963959832745
10211958963959832754
10211958963959837245
10211958963959837254
10211958969395382745
10211958969395382754
10211958969395387245
10211958969395387254
10211958969395832745
10211958969395832754
10211958969395837245
10211958969395837254
102119589693131382745
102119589693131382754
102119589693131387245
102119589693131387254
102119589693131832745
102119589693131832754
102119589693131837245
102119589693131837254
102119589693113382745
102119589693113382754
102119589693113387245
102119589693113387254
102119589693113832745
102119589693113832754
102119589693113837245
102119589693113837254
10211958969359382745
10211958969359382754
10211958969359387245
10211958969359387254
10211958969359832745
10211958969359832754
10211958969359837245
10211958969359837254
10211985693995382745
10211985693995382754
10211985693995387245
10211985693995387254
10211985693995832745
10211985693995832754
10211985693995837245
10211985693995837254
102119856939131382745
102119856939131382754
102119856939131387245
102119856939131387254
102119856939131832745
102119856939131832754
102119856939131837245
102119856939131837254
102119856939113382745
102119856939113382754
102119856939113387245
102119856939113387254
102119856939113832745
102119856939113832754
102119856939113837245
102119856939113837254
10211985693959382745
10211985693959382754
10211985693959387245
10211985693959387254
10211985693959832745
10211985693959832754
10211985693959837245
10211985693959837254
10211985699395382745
10211985699395382754
10211985699395387245
10211985699395387254
10211985699395832745
10211985699395832754
10211985699395837245
10211985699395837254
102119856993131382745
102119856993131382754
102119856993131387245
102119856993131387254
102119856993131832745
102119856993131832754
102119856993131837245
102119856993131837254
102119856993113382745
102119856993113382754
102119856993113387245
102119856993113387254
102119856993113832745
102119856993113832754
102119856993113837245
102119856993113837254
10211985699359382745
10211985699359382754
10211985699359387245
10211985699359387254
10211985699359832745
10211985699359832754
10211985699359837245
10211985699359837254
10211985963995382745
10211985963995382754
10211985963995387245
10211985963995387254
10211985963995832745
10211985963995832754
10211985963995837245
10211985963995837254
102119859639131382745
102119859639131382754
102119859639131387245
102119859639131387254
102119859639131832745
102119859639131832754
102119859639131837245
102119859639131837254
102119859639113382745
102119859639113382754
102119859639113387245
102119859639113387254
102119859639113832745
102119859639113832754
102119859639113837245
102119859639113837254
10211985963959382745
10211985963959382754
10211985963959387245
10211985963959387254
10211985963959832745
10211985963959832754
10211985963959837245
10211985963959837254
10211985969395382745
10211985969395382754
10211985969395387245
10211985969395387254
10211985969395832745
10211985969395832754
10211985969395837245
10211985969395837254
102119859693131382745
102119859693131382754
102119859693131387245
102119859693131387254
102119859693131832745
102119859693131832754
102119859693131837245
102119859693131837254
102119859693113382745
102119859693113382754
102119859693113387245
102119859693113387254
102119859693113832745
102119859693113832754
102119859693113837245
102119859693113837254
10211985969359382745
10211985969359382754
10211985969359387245
10211985969359387254
10211985969359832745
10211985969359832754
10211985969359837245
10211985969359837254
1021241258693995382745
1021241258693995382754
1021241258693995387245
1021241258693995387254
1021241258693995832745
1021241258693995832754
1021241258693995837245
1021241258693995837254
10212412586939131382745
10212412586939131382754
10212412586939131387245
10212412586939131387254
10212412586939131832745
10212412586939131832754
10212412586939131837245
10212412586939131837254
10212412586939113382745
10212412586939113382754
10212412586939113387245
10212412586939113387254
10212412586939113832745
10212412586939113832754
10212412586939113837245
10212412586939113837254
1021241258693959382745
1021241258693959382754
1021241258693959387245
1021241258693959387254
1021241258693959832745
1021241258693959832754
1021241258693959837245
1021241258693959837254
1021241258699395382745
1021241258699395382754
1021241258699395387245
1021241258699395387254
1021241258699395832745
1021241258699395832754
1021241258699395837245
1021241258699395837254
10212412586993131382745
10212412586993131382754
10212412586993131387245
10212412586993131387254
10212412586993131832745
10212412586993131832754
10212412586993131837245
10212412586993131837254
10212412586993113382745
10212412586993113382754
10212412586993113387245
10212412586993113387254
10212412586993113832745
10212412586993113832754
10212412586993113837245
10212412586993113837254
1021241258699359382745
1021241258699359382754
1021241258699359387245
1021241258699359387254
1021241258699359832745
1021241258699359832754
1021241258699359837245
1021241258699359837254
1021241258963995382745
1021241258963995382754
1021241258963995387245
1021241258963995387254
1021241258963995832745
1021241258963995832754
1021241258963995837245
1021241258963995837254
10212412589639131382745
10212412589639131382754
10212412589639131387245
10212412589639131387254
10212412589639131832745
10212412589639131832754
10212412589639131837245
10212412589639131837254
10212412589639113382745
10212412589639113382754
10212412589639113387245
10212412589639113387254
10212412589639113832745
10212412589639113832754
10212412589639113837245
10212412589639113837254
1021241258963959382745
1021241258963959382754
1021241258963959387245
1021241258963959387254
1021241258963959832745
1021241258963959832754
1021241258963959837245
1021241258963959837254
1021241258969395382745
1021241258969395382754
1021241258969395387245
1021241258969395387254
1021241258969395832745
1021241258969395832754
1021241258969395837245
1021241258969395837254
10212412589693131382745
10212412589693131382754
10212412589693131387245
10212412589693131387254
10212412589693131832745
10212412589693131832754
10212412589693131837245
10212412589693131837254
10212412589693113382745
10212412589693113382754
10212412589693113387245
10212412589693113387254
10212412589693113832745
10212412589693113832754
10212412589693113837245
10212412589693113837254
1021241258969359382745
1021241258969359382754
1021241258969359387245
1021241258969359387254
1021241258969359832745
1021241258969359832754
1021241258969359837245
1021241258969359837254
1021241285693995382745
1021241285693995382754
1021241285693995387245
1021241285693995387254
1021241285693995832745
1021241285693995832754
1021241285693995837245
1021241285693995837254
10212412856939131382745
10212412856939131382754
10212412856939131387245
10212412856939131387254
10212412856939131832745
10212412856939131832754
10212412856939131837245
10212412856939131837254
10212412856939113382745
10212412856939113382754
10212412856939113387245
10212412856939113387254
10212412856939113832745
10212412856939113832754
10212412856939113837245
10212412856939113837254
1021241285693959382745
1021241285693959382754
1021241285693959387245
1021241285693959387254
1021241285693959832745
1021241285693959832754
1021241285693959837245
1021241285693959837254
1021241285699395382745
1021241285699395382754
1021241285699395387245
1021241285699395387254
1021241285699395832745
1021241285699395832754
1021241285699395837245
1021241285699395837254
10212412856993131382745
10212412856993131382754
10212412856993131387245
10212412856993131387254
10212412856993131832745
10212412856993131832754
10212412856993131837245
10212412856993131837254
10212412856993113382745
10212412856993113382754
10212412856993113387245
10212412856993113387254
10212412856993113832745
10212412856993113832754
10212412856993113837245
10212412856993113837254
1021241285699359382745
1021241285699359382754
1021241285699359387245
1021241285699359387254
1021241285699359832745
1021241285699359832754
1021241285699359837245
1021241285699359837254
1021241285963995382745
1021241285963995382754
1021241285963995387245
1021241285963995387254
1021241285963995832745
1021241285963995832754
1021241285963995837245
1021241285963995837254
10212412859639131382745
10212412859639131382754
10212412859639131387245
10212412859639131387254
10212412859639131832745
10212412859639131832754
10212412859639131837245
10212412859639131837254
10212412859639113382745
10212412859639113382754
10212412859639113387245
10212412859639113387254
10212412859639113832745
10212412859639113832754
10212412859639113837245
10212412859639113837254
1021241285963959382745
1021241285963959382754
1021241285963959387245
1021241285963959387254
1021241285963959832745
1021241285963959832754
1021241285963959837245
1021241285963959837254
1021241285969395382745
1021241285969395382754
1021241285969395387245
1021241285969395387254
1021241285969395832745
1021241285969395832754
1021241285969395837245
1021241285969395837254
10212412859693131382745
10212412859693131382754
10212412859693131387245
10212412859693131387254
10212412859693131832745
10212412859693131832754
10212412859693131837245
10212412859693131837254
10212412859693113382745
10212412859693113382754
10212412859693113387245
10212412859693113387254
10212412859693113832745
10212412859693113832754
10212412859693113837245
10212412859693113837254
1021241285969359382745
1021241285969359382754
1021241285969359387245
1021241285969359387254
1021241285969359832745
1021241285969359832754
1021241285969359837245
1021241285969359837254
1012122458693995382745
1012122458693995382754
1012122458693995387245
1012122458693995387254
1012122458693995832745
1012122458693995832754
1012122458693995837245
1012122458693995837254
10121224586939131382745
10121224586939131382754
10121224586939131387245
10121224586939131387254
10121224586939131832745
10121224586939131832754
10121224586939131837245
10121224586939131837254
10121224586939113382745
10121224586939113382754
10121224586939113387245
10121224586939113387254
10121224586939113832745
10121224586939113832754
10121224586939113837245
10121224586939113837254
1012122458693959382745
1012122458693959382754
1012122458693959387245
1012122458693959387254
1012122458693959832745
1012122458693959832754
1012122458693959837245
1012122458693959837254
1012122458699395382745
1012122458699395382754
1012122458699395387245
1012122458699395387254
1012122458699395832745
1012122458699395832754
1012122458699395837245
1012122458699395837254
10121224586993131382745
10121224586993131382754
10121224586993131387245
10121224586993131387254
10121224586993131832745
10121224586993131832754
10121224586993131837245
10121224586993131837254
10121224586993113382745
10121224586993113382754
10121224586993113387245
10121224586993113387254
10121224586993113832745
10121224586993113832754
10121224586993113837245
10121224586993113837254
1012122458699359382745
1012122458699359382754
1012122458699359387245
1012122458699359387254
1012122458699359832745
1012122458699359832754
1012122458699359837245
1012122458699359837254
1012122458963995382745
1012122458963995382754
1012122458963995387245
1012122458963995387254
1012122458963995832745
1012122458963995832754
1012122458963995837245
1012122458963995837254
10121224589639131382745
10121224589639131382754
10121224589639131387245
10121224589639131387254
10121224589639131832745
10121224589639131832754
10121224589639131837245
10121224589639131837254
10121224589639113382745
10121224589639113382754
10121224589639113387245
10121224589639113387254
10121224589639113832745
10121224589639113832754
10121224589639113837245
10121224589639113837254
1012122458963959382745
1012122458963959382754
1012122458963959387245
1012122458963959387254
1012122458963959832745
1012122458963959832754
1012122458963959837245
1012122458963959837254
1012122458969395382745
1012122458969395382754
1012122458969395387245
1012122458969395387254
1012122458969395832745
1012122458969395832754
1012122458969395837245
1012122458969395837254
10121224589693131382745
10121224589693131382754
10121224589693131387245
10121224589693131387254
10121224589693131832745
10121224589693131832754
10121224589693131837245
10121224589693131837254
10121224589693113382745
10121224589693113382754
10121224589693113387245
10121224589693113387254
10121224589693113832745
10121224589693113832754
10121224589693113837245
10121224589693113837254
1012122458969359382745
1012122458969359382754
1012122458969359387245
1012122458969359387254
1012122458969359832745
1012122458969359832754
1012122458969359837245
1012122458969359837254
1012122485693995382745
1012122485693995382754
1012122485693995387245
1012122485693995387254
1012122485693995832745
1012122485693995832754
1012122485693995837245
1012122485693995837254
10121224856939131382745
10121224856939131382754
10121224856939131387245
10121224856939131387254
10121224856939131832745
10121224856939131832754
10121224856939131837245
10121224856939131837254
10121224856939113382745
10121224856939113382754
10121224856939113387245
10121224856939113387254
10121224856939113832745
10121224856939113832754
10121224856939113837245
10121224856939113837254
1012122485693959382745
1012122485693959382754
1012122485693959387245
1012122485693959387254
1012122485693959832745
1012122485693959832754
1012122485693959837245
1012122485693959837254
1012122485699395382745
1012122485699395382754
1012122485699395387245
1012122485699395387254
1012122485699395832745
1012122485699395832754
1012122485699395837245
1012122485699395837254
10121224856993131382745
10121224856993131382754
10121224856993131387245
10121224856993131387254
10121224856993131832745
10121224856993131832754
10121224856993131837245
10121224856993131837254
10121224856993113382745
10121224856993113382754
10121224856993113387245
10121224856993113387254
10121224856993113832745
10121224856993113832754
10121224856993113837245
10121224856993113837254
1012122485699359382745
1012122485699359382754
1012122485699359387245
1012122485699359387254
1012122485699359832745
1012122485699359832754
1012122485699359837245
1012122485699359837254
1012122485963995382745
1012122485963995382754
1012122485963995387245
1012122485963995387254
1012122485963995832745
1012122485963995832754
1012122485963995837245
1012122485963995837254
10121224859639131382745
10121224859639131382754
10121224859639131387245
10121224859639131387254
10121224859639131832745
10121224859639131832754
10121224859639131837245
10121224859639131837254
10121224859639113382745
10121224859639113382754
10121224859639113387245
10121224859639113387254
10121224859639113832745
10121224859639113832754
10121224859639113837245
10121224859639113837254
1012122485963959382745
1012122485963959382754
1012122485963959387245
1012122485963959387254
1012122485963959832745
1012122485963959832754
1012122485963959837245
1012122485963959837254
1012122485969395382745
1012122485969395382754
1012122485969395387245
1012122485969395387254
1012122485969395832745
1012122485969395832754
1012122485969395837245
1012122485969395837254
10121224859693131382745
10121224859693131382754
10121224859693131387245
10121224859693131387254
10121224859693131832745
10121224859693131832754
10121224859693131837245
10121224859693131837254
10121224859693113382745
10121224859693113382754
10121224859693113387245
10121224859693113387254
10121224859693113832745
10121224859693113832754
10121224859693113837245
10121224859693113837254
1012122485969359382745
1012122485969359382754
1012122485969359387245
1012122485969359387254
1012122485969359832745
1012122485969359832754
1012122485969359837245
1012122485969359837254
10129158693995382745
10129158693995382754
10129158693995387245
10129158693995387254
10129158693995832745
10129158693995832754
10129158693995837245
10129158693995837254
101291586939131382745
101291586939131382754
101291586939131387245
101291586939131387254
101291586939131832745
101291586939131832754
101291586939131837245
101291586939131837254
101291586939113382745
101291586939113382754
101291586939113387245
101291586939113387254
101291586939113832745
101291586939113832754
101291586939113837245
101291586939113837254
10129158693959382745
10129158693959382754
10129158693959387245
10129158693959387254
10129158693959832745
10129158693959832754
10129158693959837245
10129158693959837254
10129158699395382745
10129158699395382754
10129158699395387245
10129158699395387254
10129158699395832745
10129158699395832754
10129158699395837245
10129158699395837254
101291586993131382745
101291586993131382754
101291586993131387245
101291586993131387254
101291586993131832745
101291586993131832754
101291586993131837245
101291586993131837254
101291586993113382745
101291586993113382754
101291586993113387245
101291586993113387254
101291586993113832745
101291586993113832754
101291586993113837245
101291586993113837254
10129158699359382745
10129158699359382754
10129158699359387245
10129158699359387254
10129158699359832745
10129158699359832754
10129158699359837245
10129158699359837254
10129158963995382745
10129158963995382754
10129158963995387245
10129158963995387254
10129158963995832745
10129158963995832754
10129158963995837245
10129158963995837254
101291589639131382745
101291589639131382754
101291589639131387245
101291589639131387254
101291589639131832745
101291589639131832754
101291589639131837245
101291589639131837254
101291589639113382745
101291589639113382754
101291589639113387245
101291589639113387254
101291589639113832745
101291589639113832754
101291589639113837245
101291589639113837254
10129158963959382745
10129158963959382754
10129158963959387245
10129158963959387254
10129158963959832745
10129158963959832754
10129158963959837245
10129158963959837254
10129158969395382745
10129158969395382754
10129158969395387245
10129158969395387254
10129158969395832745
10129158969395832754
10129158969395837245
10129158969395837254
101291589693131382745
101291589693131382754
101291589693131387245
101291589693131387254
101291589693131832745
101291589693131832754
101291589693131837245
101291589693131837254
101291589693113382745
101291589693113382754
101291589693113387245
101291589693113387254
101291589693113832745
101291589693113832754
101291589693113837245
101291589693113837254
10129158969359382745
10129158969359382754
10129158969359387245
10129158969359387254
10129158969359832745
10129158969359832754
10129158969359837245
10129158969359837254
10129185693995382745
10129185693995382754
10129185693995387245
10129185693995387254
10129185693995832745
10129185693995832754
10129185693995837245
10129185693995837254
101291856939131382745
101291856939131382754
101291856939131387245
101291856939131387254
101291856939131832745
101291856939131832754
101291856939131837245
101291856939131837254
101291856939113382745
101291856939113382754
101291856939113387245
101291856939113387254
101291856939113832745
101291856939113832754
101291856939113837245
101291856939113837254
10129185693959382745
10129185693959382754
10129185693959387245
10129185693959387254
10129185693959832745
10129185693959832754
10129185693959837245
10129185693959837254
10129185699395382745
10129185699395382754
10129185699395387245
10129185699395387254
10129185699395832745
10129185699395832754
10129185699395837245
10129185699395837254
101291856993131382745
101291856993131382754
101291856993131387245
101291856993131387254
101291856993131832745
101291856993131832754
101291856993131837245
101291856993131837254
101291856993113382745
101291856993113382754
101291856993113387245
101291856993113387254
101291856993113832745
101291856993113832754
101291856993113837245
101291856993113837254
10129185699359382745
10129185699359382754
10129185699359387245
10129185699359387254
10129185699359832745
10129185699359832754
10129185699359837245
10129185699359837254
10129185963995382745
10129185963995382754
10129185963995387245
10129185963995387254
10129185963995832745
10129185963995832754
10129185963995837245
10129185963995837254
101291859639131382745
101291859639131382754
101291859639131387245
101291859639131387254
101291859639131832745
101291859639131832754
101291859639131837245
101291859639131837254
101291859639113382745
101291859639113382754
101291859639113387245
101291859639113387254
101291859639113832745
101291859639113832754
101291859639113837245
101291859639113837254
10129185963959382745
10129185963959382754
10129185963959387245
10129185963959387254
10129185963959832745
10129185963959832754
10129185963959837245
10129185963959837254
10129185969395382745
10129185969395382754
10129185969395387245
10129185969395387254
10129185969395832745
10129185969395832754
10129185969395837245
10129185969395837254
101291859693131382745
101291859693131382754
101291859693131387245
101291859693131387254
101291859693131832745
101291859693131832754
101291859693131837245
101291859693131837254
101291859693113382745
101291859693113382754
101291859693113387245
101291859693113387254
101291859693113832745
101291859693113832754
101291859693113837245
101291859693113837254
10129185969359382745
10129185969359382754
10129185969359387245
10129185969359387254
10129185969359832745
10129185969359832754
10129185969359837245
10129185969359837254
10121958693995382745
10121958693995382754
10121958693995387245
10121958693995387254
10121958693995832745
10121958693995832754
10121958693995837245
10121958693995837254
101219586939131382745
101219586939131382754
101219586939131387245
101219586939131387254
101219586939131832745
101219586939131832754
101219586939131837245
101219586939131837254
101219586939113382745
101219586939113382754
101219586939113387245
101219586939113387254
101219586939113832745
101219586939113832754
101219586939113837245
101219586939113837254
10121958693959382745
10121958693959382754
10121958693959387245
10121958693959387254
10121958693959832745
10121958693959832754
10121958693959837245
10121958693959837254
10121958699395382745
10121958699395382754
10121958699395387245
10121958699395387254
10121958699395832745
10121958699395832754
10121958699395837245
10121958699395837254
101219586993131382745
101219586993131382754
101219586993131387245
101219586993131387254
101219586993131832745
101219586993131832754
101219586993131837245
101219586993131837254
101219586993113382745
101219586993113382754
101219586993113387245
101219586993113387254
101219586993113832745
101219586993113832754
101219586993113837245
101219586993113837254
10121958699359382745
10121958699359382754
10121958699359387245
10121958699359387254
10121958699359832745
10121958699359832754
10121958699359837245
10121958699359837254
10121958963995382745
10121958963995382754
10121958963995387245
10121958963995387254
10121958963995832745
10121958963995832754
10121958963995837245
10121958963995837254
101219589639131382745
101219589639131382754
101219589639131387245
101219589639131387254
101219589639131832745
101219589639131832754
101219589639131837245
101219589639131837254
101219589639113382745
101219589639113382754
101219589639113387245
101219589639113387254
101219589639113832745
101219589639113832754
101219589639113837245
101219589639113837254
10121958963959382745
10121958963959382754
10121958963959387245
10121958963959387254
10121958963959832745
10121958963959832754
10121958963959837245
10121958963959837254
10121958969395382745
10121958969395382754
10121958969395387245
10121958969395387254
10121958969395832745
10121958969395832754
10121958969395837245
10121958969395837254
101219589693131382745
101219589693131382754
101219589693131387245
101219589693131387254
101219589693131832745
101219589693131832754
101219589693131837245
101219589693131837254
101219589693113382745
101219589693113382754
101219589693113387245
101219589693113387254
101219589693113832745
101219589693113832754
101219589693113837245
101219589693113837254
10121958969359382745
10121958969359382754
10121958969359387245
10121958969359387254
10121958969359832745
10121958969359832754
10121958969359837245
10121958969359837254
10121985693995382745
10121985693995382754
10121985693995387245
10121985693995387254
10121985693995832745
10121985693995832754
10121985693995837245
10121985693995837254
101219856939131382745
101219856939131382754
101219856939131387245
101219856939131387254
101219856939131832745
101219856939131832754
101219856939131837245
101219856939131837254
101219856939113382745
101219856939113382754
101219856939113387245
101219856939113387254
101219856939113832745
101219856939113832754
101219856939113837245
101219856939113837254
10121985693959382745
10121985693959382754
10121985693959387245
10121985693959387254
10121985693959832745
10121985693959832754
10121985693959837245
10121985693959837254
10121985699395382745
10121985699395382754
10121985699395387245
10121985699395387254
10121985699395832745
10121985699395832754
10121985699395837245
10121985699395837254
101219856993131382745
101219856993131382754
101219856993131387245
101219856993131387254
101219856993131832745
101219856993131832754
101219856993131837245
101219856993131837254
101219856993113382745
101219856993113382754
101219856993113387245
101219856993113387254
101219856993113832745
101219856993113832754
101219856993113837245
101219856993113837254
10121985699359382745
10121985699359382754
10121985699359387245
10121985699359387254
10121985699359832745
10121985699359832754
10121985699359837245
10121985699359837254
10121985963995382745
10121985963995382754
10121985963995387245
10121985963995387254
10121985963995832745
10121985963995832754
10121985963995837245
10121985963995837254
101219859639131382745
101219859639131382754
101219859639131387245
101219859639131387254
101219859639131832745
101219859639131832754
101219859639131837245
101219859639131837254
101219859639113382745
101219859639113382754
101219859639113387245
101219859639113387254
101219859639113832745
101219859639113832754
101219859639113837245
101219859639113837254
10121985963959382745
10121985963959382754
10121985963959387245
10121985963959387254
10121985963959832745
10121985963959832754
10121985963959837245
10121985963959837254
10121985969395382745
10121985969395382754
10121985969395387245
10121985969395387254
10121985969395832745
10121985969395832754
10121985969395837245
10121985969395837254
101219859693131382745
101219859693131382754
101219859693131387245
101219859693131387254
101219859693131832745
101219859693131832754
101219859693131837245
101219859693131837254
101219859693113382745
101219859693113382754
101219859693113387245
101219859693113387254
101219859693113832745
101219859693113832754
101219859693113837245
101219859693113837254
10121985969359382745
10121985969359382754
10121985969359387245
10121985969359387254
10121985969359832745
10121985969359832754
10121985969359837245
10121985969359837254
1012241258693995382745
1012241258693995382754
1012241258693995387245
1012241258693995387254
1012241258693995832745
1012241258693995832754
1012241258693995837245
1012241258693995837254
10122412586939131382745
10122412586939131382754
10122412586939131387245
10122412586939131387254
10122412586939131832745
10122412586939131832754
10122412586939131837245
10122412586939131837254
10122412586939113382745
10122412586939113382754
10122412586939113387245
10122412586939113387254
10122412586939113832745
10122412586939113832754
10122412586939113837245
10122412586939113837254
1012241258693959382745
1012241258693959382754
1012241258693959387245
1012241258693959387254
1012241258693959832745
1012241258693959832754
1012241258693959837245
1012241258693959837254
1012241258699395382745
1012241258699395382754
1012241258699395387245
1012241258699395387254
1012241258699395832745
1012241258699395832754
1012241258699395837245
1012241258699395837254
10122412586993131382745
10122412586993131382754
10122412586993131387245
10122412586993131387254
10122412586993131832745
10122412586993131832754
10122412586993131837245
10122412586993131837254
10122412586993113382745
10122412586993113382754
10122412586993113387245
10122412586993113387254
10122412586993113832745
10122412586993113832754
10122412586993113837245
10122412586993113837254
1012241258699359382745
1012241258699359382754
1012241258699359387245
1012241258699359387254
1012241258699359832745
1012241258699359832754
1012241258699359837245
1012241258699359837254
1012241258963995382745
1012241258963995382754
1012241258963995387245
1012241258963995387254
1012241258963995832745
1012241258963995832754
1012241258963995837245
1012241258963995837254
10122412589639131382745
10122412589639131382754
10122412589639131387245
10122412589639131387254
10122412589639131832745
10122412589639131832754
10122412589639131837245
10122412589639131837254
10122412589639113382745
10122412589639113382754
10122412589639113387245
10122412589639113387254
10122412589639113832745
10122412589639113832754
10122412589639113837245
10122412589639113837254
1012241258963959382745
1012241258963959382754
1012241258963959387245
1012241258963959387254
1012241258963959832745
1012241258963959832754
1012241258963959837245
1012241258963959837254
1012241258969395382745
1012241258969395382754
1012241258969395387245
1012241258969395387254
1012241258969395832745
1012241258969395832754
1012241258969395837245
1012241258969395837254
10122412589693131382745
10122412589693131382754
10122412589693131387245
10122412589693131387254
10122412589693131832745
10122412589693131832754
10122412589693131837245
10122412589693131837254
10122412589693113382745
10122412589693113382754
10122412589693113387245
10122412589693113387254
10122412589693113832745
10122412589693113832754
10122412589693113837245
10122412589693113837254
1012241258969359382745
1012241258969359382754
1012241258969359387245
1012241258969359387254
1012241258969359832745
1012241258969359832754
1012241258969359837245
1012241258969359837254
1012241285693995382745
1012241285693995382754
1012241285693995387245
1012241285693995387254
1012241285693995832745
1012241285693995832754
1012241285693995837245
1012241285693995837254
10122412856939131382745
10122412856939131382754
10122412856939131387245
10122412856939131387254
10122412856939131832745
10122412856939131832754
10122412856939131837245
10122412856939131837254
10122412856939113382745
10122412856939113382754
10122412856939113387245
10122412856939113387254
10122412856939113832745
10122412856939113832754
10122412856939113837245
10122412856939113837254
1012241285693959382745
1012241285693959382754
1012241285693959387245
1012241285693959387254
1012241285693959832745
1012241285693959832754
1012241285693959837245
1012241285693959837254
1012241285699395382745
1012241285699395382754
1012241285699395387245
1012241285699395387254
1012241285699395832745
1012241285699395832754
1012241285699395837245
1012241285699395837254
10122412856993131382745
10122412856993131382754
10122412856993131387245
10122412856993131387254
10122412856993131832745
10122412856993131832754
10122412856993131837245
10122412856993131837254
10122412856993113382745
10122412856993113382754
10122412856993113387245
10122412856993113387254
10122412856993113832745
10122412856993113832754
10122412856993113837245
10122412856993113837254
1012241285699359382745
1012241285699359382754
1012241285699359387245
1012241285699359387254
1012241285699359832745
1012241285699359832754
1012241285699359837245
1012241285699359837254
1012241285963995382745
1012241285963995382754
1012241285963995387245
1012241285963995387254
1012241285963995832745
1012241285963995832754
1012241285963995837245
1012241285963995837254
10122412859639131382745
10122412859639131382754
10122412859639131387245
10122412859639131387254
10122412859639131832745
10122412859639131832754
10122412859639131837245
10122412859639131837254
10122412859639113382745
10122412859639113382754
10122412859639113387245
10122412859639113387254
10122412859639113832745
10122412859639113832754
10122412859639113837245
10122412859639113837254
1012241285963959382745
1012241285963959382754
1012241285963959387245
1012241285963959387254
1012241285963959832745
1012241285963959832754
1012241285963959837245
1012241285963959837254
1012241285969395382745
1012241285969395382754
1012241285969395387245
1012241285969395387254
1012241285969395832745
1012241285969395832754
1012241285969395837245
1012241285969395837254
10122412859693131382745
10122412859693131382754
10122412859693131387245
10122412859693131387254
10122412859693131832745
10122412859693131832754
10122412859693131837245
10122412859693131837254
10122412859693113382745
10122412859693113382754
10122412859693113387245
10122412859693113387254
10122412859693113832745
10122412859693113832754
10122412859693113837245
10122412859693113837254
1012241285969359382745
1012241285969359382754
1012241285969359387245
1012241285969359387254
1012241285969359832745
1012241285969359832754
1012241285969359837245
1012241285969359837254
